    0.0000    0.0000    0.0000    0.3752    0.0000   -0.9269    0.0000   -1.0000    0.0000    0.9269    0.0000    0.3752
    0.0000    0.0000    0.0000   -0.0000   -1.0000    0.0000    0.9990   -0.0000   -0.0452    0.0452   -0.0000    0.9990
    0.0000    0.0000    0.0000    0.0000   -1.0000    0.0000    0.9818    0.0000   -0.1899    0.1899    0.0000    0.9818
    0.0000    0.0000    0.0000    0.0000   -1.0000    0.0000    0.9975    0.0000   -0.0703    0.0703    0.0000    0.9975
